1 011332020000012 116.345258 39.998431 116.345279 39.998453
2 011332020000030 116.345258 39.998410 116.345279 39.998431
3 011332020000032 116.345258 39.998388 116.345279 39.998410
4 011332020000210 116.345258 39.998367 116.345279 39.998388
5 011332020000212 116.345258 39.998345 116.345279 39.998367
6 011332020000230 116.345258 39.998324 116.345279 39.998345
7 011332020000232 116.345258 39.998302 116.345279 39.998324
8 011332020002010 116.345258 39.998281 116.345279 39.998302
9 011332020002012 116.345258 39.998260 116.345279 39.998281
10 011332020002030 116.345258 39.998238 116.345279 39.998260
11 011332020002032 116.345258 39.998217 116.345279 39.998238
12 011332020002210 116.345258 39.998195 116.345279 39.998217
13 011332020002212 116.345258 39.998174 116.345279 39.998195
14 011332020002230 116.345258 39.998152 116.345279 39.998174
15 011332020002232 116.345258 39.998131 116.345279 39.998152
16 011332020020010 116.345258 39.998109 116.345279 39.998131
17 011332020020012 116.345258 39.998088 116.345279 39.998109
18 011332020020030 116.345258 39.998066 116.345279 39.998088
19 011332020020032 116.345258 39.998045 116.345279 39.998066
20 011332020020210 116.345258 39.998024 116.345279 39.998045
21 011332020020212 116.345258 39.998002 116.345279 39.998024
22 011332020020230 116.345258 39.997981 116.345279 39.998002
23 011332020020232 116.345258 39.997959 116.345279 39.997981
24 011332020022010 116.345258 39.997938 116.345279 39.997959
25 011332020022012 116.345258 39.997916 116.345279 39.997938
26 011332020022030 116.345258 39.997895 116.345279 39.997916
27 011332020022032 116.345258 39.997873 116.345279 39.997895
28 011332020022210 116.345258 39.997852 116.345279 39.997873
29 011332020022212 116.345258 39.997830 116.345279 39.997852
30 011332020022230 116.345258 39.997809 116.345279 39.997830
31 011332020022232 116.345258 39.997787 116.345279 39.997809
32 011332020200010 116.345258 39.997766 116.345279 39.997787
33 011332020200012 116.345258 39.997745 116.345279 39.997766
34 011332020200030 116.345258 39.997723 116.345279 39.997745
35 011332020200032 116.345258 39.997702 116.345279 39.997723
36 011332020200210 116.345258 39.997680 116.345279 39.997702
37 011332020200212 116.345258 39.997659 116.345279 39.997680
38 011332020200230 116.345258 39.997637 116.345279 39.997659
39 011332020200232 116.345258 39.997616 116.345279 39.997637
40 011332020202010 116.345258 39.997594 116.345279 39.997616
41 011332020202012 116.345258 39.997573 116.345279 39.997594
42 011332020202030 116.345258 39.997551 116.345279 39.997573
43 011332020202032 116.345258 39.997530 116.345279 39.997551
44 011332020202210 116.345258 39.997509 116.345279 39.997530
45 011332020202212 116.345258 39.997487 116.345279 39.997509
46 011332020202230 116.345258 39.997466 116.345279 39.997487
47 011332020202232 116.345258 39.997444 116.345279 39.997466
48 011332020220011 116.345279 39.997423 116.345301 39.997444
49 011332020220013 116.345279 39.997401 116.345301 39.997423
50 011332020220031 116.345279 39.997380 116.345301 39.997401
51 011332020220033 116.345279 39.997358 116.345301 39.997380
52 011332020220211 116.345279 39.997337 116.345301 39.997358
53 011332020220213 116.345279 39.997315 116.345301 39.997337
54 011332020220231 116.345279 39.997294 116.345301 39.997315
55 011332020220233 116.345279 39.997272 116.345301 39.997294
56 011332020222100 116.345301 39.997251 116.345322 39.997272
57 011332020222102 116.345301 39.997230 116.345322 39.997251
58 011332020222120 116.345301 39.997208 116.345322 39.997230
59 011332020222122 116.345301 39.997187 116.345322 39.997208
60 011332020222300 116.345301 39.997165 116.345322 39.997187
61 011332020222302 116.345301 39.997144 116.345322 39.997165
62 011332020222320 116.345301 39.997122 116.345322 39.997144
63 011332020222322 116.345301 39.997101 116.345322 39.997122
64 011332022000011 116.345279 39.997079 116.345301 39.997101
65 011332022000013 116.345279 39.997058 116.345301 39.997079
66 011332022000031 116.345279 39.997036 116.345301 39.997058
67 011332022000030 116.345258 39.997036 116.345279 39.997058
68 011332022000021 116.345236 39.997036 116.345258 39.997058
69 011332022000020 116.345215 39.997036 116.345236 39.997058
70 011323133111133 116.345193 39.997015 116.345215 39.997036
71 011323133111132 116.345172 39.997015 116.345193 39.997036
72 011323133111123 116.345150 39.997015 116.345172 39.997036
73 011323133111122 116.345129 39.997015 116.345150 39.997036
74 011323133111033 116.345108 39.997015 116.345129 39.997036
75 011323133111032 116.345086 39.997015 116.345108 39.997036
76 011323133111023 116.345065 39.997015 116.345086 39.997036
77 011323133111022 116.345043 39.997015 116.345065 39.997036
78 011323133110133 116.345022 39.997015 116.345043 39.997036
79 011323133110132 116.345000 39.997015 116.345022 39.997036
80 011323133110123 116.344979 39.997015 116.345000 39.997036
81 011323133110122 116.344957 39.997015 116.344979 39.997036
82 011323133110033 116.344936 39.997015 116.344957 39.997036
83 011323133110032 116.344914 39.997015 116.344936 39.997036
84 011323133110023 116.344893 39.997015 116.344914 39.997036
85 011323133110022 116.344872 39.997015 116.344893 39.997036
86 011323133101133 116.344850 39.997015 116.344872 39.997036
87 011323133101132 116.344829 39.997015 116.344850 39.997036
88 011323133101123 116.344807 39.997015 116.344829 39.997036
89 011323133101122 116.344786 39.997015 116.344807 39.997036
90 011323133101033 116.344764 39.997015 116.344786 39.997036
91 011323133101032 116.344743 39.997015 116.344764 39.997036
92 011323133101023 116.344721 39.997015 116.344743 39.997036
93 011323133101022 116.344700 39.997015 116.344721 39.997036
94 011323133100133 116.344678 39.997015 116.344700 39.997036
95 011323133100132 116.344657 39.997015 116.344678 39.997036
96 011323133100123 116.344635 39.997015 116.344657 39.997036
97 011323133100122 116.344614 39.997015 116.344635 39.997036
98 011323133100033 116.344593 39.997015 116.344614 39.997036
99 011323133100032 116.344571 39.997015 116.344593 39.997036
100 011323133100201 116.344550 39.996994 116.344571 39.997015
101 011323133100200 116.344528 39.996994 116.344550 39.997015
102 011323133011311 116.344507 39.996994 116.344528 39.997015
103 011323133011310 116.344485 39.996994 116.344507 39.997015
104 011323133011301 116.344464 39.996994 116.344485 39.997015
105 011323133011300 116.344442 39.996994 116.344464 39.997015
106 011323133011213 116.344421 39.996972 116.344442 39.996994
107 011323133011212 116.344399 39.996972 116.344421 39.996994
108 011323133011203 116.344378 39.996972 116.344399 39.996994
109 011323133011202 116.344357 39.996972 116.344378 39.996994
110 011323133010331 116.344335 39.996951 116.344357 39.996972
111 011323133010330 116.344314 39.996951 116.344335 39.996972
112 011323133010321 116.344292 39.996951 116.344314 39.996972
113 011323133010320 116.344271 39.996951 116.344292 39.996972
114 011323133010233 116.344249 39.996929 116.344271 39.996951
115 011323133010232 116.344228 39.996929 116.344249 39.996951
116 011323133010223 116.344206 39.996929 116.344228 39.996951
117 011323133010220 116.344185 39.996951 116.344206 39.996972
118 011323133001331 116.344163 39.996951 116.344185 39.996972
119 011323133001330 116.344142 39.996951 116.344163 39.996972
120 011323133001321 116.344121 39.996951 116.344142 39.996972
121 011323133001302 116.344099 39.996972 116.344121 39.996994
122 011323133001213 116.344078 39.996972 116.344099 39.996994
123 011323133001212 116.344056 39.996972 116.344078 39.996994
124 011323133001201 116.344035 39.996994 116.344056 39.997015
125 011323133001200 116.344013 39.996994 116.344035 39.997015
126 011323133000311 116.343992 39.996994 116.344013 39.997015
127 011323133000310 116.343970 39.996994 116.343992 39.997015
128 011323133000301 116.343949 39.996994 116.343970 39.997015
129 011323133000300 116.343927 39.996994 116.343949 39.997015
130 011323133000211 116.343906 39.996994 116.343927 39.997015
131 011323133000210 116.343884 39.996994 116.343906 39.997015
132 011323133000201 116.343863 39.996994 116.343884 39.997015
133 011323133000200 116.343842 39.996994 116.343863 39.997015
134 011323132111313 116.343820 39.996972 116.343842 39.996994
135 011323132111312 116.343799 39.996972 116.343820 39.996994
136 011323132111330 116.343799 39.996951 116.343820 39.996972
137 011323132111332 116.343799 39.996929 116.343820 39.996951
138 011323132113110 116.343799 39.996908 116.343820 39.996929
139 011323132113112 116.343799 39.996886 116.343820 39.996908
140 011323132113130 116.343799 39.996865 116.343820 39.996886
141 011323132113123 116.343777 39.996843 116.343799 39.996865
142 011323132113301 116.343777 39.996822 116.343799 39.996843
143 011323132113303 116.343777 39.996800 116.343799 39.996822
144 011323132113321 116.343777 39.996779 116.343799 39.996800
145 011323132113323 116.343777 39.996758 116.343799 39.996779
146 011323132131101 116.343777 39.996736 116.343799 39.996758
147 011323132131103 116.343777 39.996715 116.343799 39.996736
148 011323132131121 116.343777 39.996693 116.343799 39.996715
149 011323132131132 116.343799 39.996672 116.343820 39.996693
150 011323132131310 116.343799 39.996650 116.343820 39.996672
151 011323132131312 116.343799 39.996629 116.343820 39.996650
152 011323132131330 116.343799 39.996607 116.343820 39.996629
153 011323132131332 116.343799 39.996586 116.343820 39.996607
154 011323132133110 116.343799 39.996564 116.343820 39.996586
155 011323132133113 116.343820 39.996543 116.343842 39.996564
156 011323132133131 116.343820 39.996521 116.343842 39.996543
157 011323132133133 116.343820 39.996500 116.343842 39.996521
158 011323132133311 116.343820 39.996479 116.343842 39.996500
159 011323132133313 116.343820 39.996457 116.343842 39.996479
160 011323132133331 116.343820 39.996436 116.343842 39.996457
161 011323132133333 116.343820 39.996414 116.343842 39.996436
162 011323133200000 116.343842 39.996393 116.343863 39.996414
163 011323133200002 116.343842 39.996371 116.343863 39.996393
164 011323133200020 116.343842 39.996350 116.343863 39.996371
165 011323133200022 116.343842 39.996328 116.343863 39.996350
166 011323133200200 116.343842 39.996307 116.343863 39.996328
167 011323133200202 116.343842 39.996285 116.343863 39.996307
168 011323133200220 116.343842 39.996264 116.343863 39.996285
169 011323133200222 116.343842 39.996243 116.343863 39.996264
170 011323133202000 116.343842 39.996221 116.343863 39.996243
171 011323133202002 116.343842 39.996200 116.343863 39.996221
172 011323132313131 116.343820 39.996178 116.343842 39.996200
173 011323132313133 116.343820 39.996157 116.343842 39.996178
174 011323132313311 116.343820 39.996135 116.343842 39.996157
175 011323132313313 116.343820 39.996114 116.343842 39.996135
176 011323132313331 116.343820 39.996092 116.343842 39.996114
177 011323132313333 116.343820 39.996071 116.343842 39.996092
178 011323132331111 116.343820 39.996049 116.343842 39.996071
179 011323132331113 116.343820 39.996028 116.343842 39.996049
180 011323132331131 116.343820 39.996006 116.343842 39.996028
181 011323132331133 116.343820 39.995985 116.343842 39.996006
182 011323132331310 116.343799 39.995964 116.343820 39.995985
183 011323132331312 116.343799 39.995942 116.343820 39.995964
184 011323132331330 116.343799 39.995921 116.343820 39.995942
185 011323132331332 116.343799 39.995899 116.343820 39.995921
186 011323132333110 116.343799 39.995878 116.343820 39.995899
187 011323132333112 116.343799 39.995856 116.343820 39.995878
188 011323132333131 116.343820 39.995835 116.343842 39.995856
189 011323132333133 116.343820 39.995813 116.343842 39.995835
190 011323132333311 116.343820 39.995792 116.343842 39.995813
191 011323132333313 116.343820 39.995770 116.343842 39.995792
192 011323132333331 116.343820 39.995749 116.343842 39.995770
193 011323133222222 116.343842 39.995728 116.343863 39.995749
194 011323311000000 116.343842 39.995706 116.343863 39.995728
195 011323311000002 116.343842 39.995685 116.343863 39.995706
196 011323311000020 116.343842 39.995663 116.343863 39.995685
197 011323311000022 116.343842 39.995642 116.343863 39.995663
198 011323311000201 116.343863 39.995620 116.343884 39.995642
199 011323311000203 116.343863 39.995599 116.343884 39.995620
200 011323311000221 116.343863 39.995577 116.343884 39.995599
201 011323311000223 116.343863 39.995556 116.343884 39.995577
202 011323311002001 116.343863 39.995534 116.343884 39.995556
203 011323311002003 116.343863 39.995513 116.343884 39.995534
204 011323311002021 116.343863 39.995492 116.343884 39.995513
205 011323311002022 116.343842 39.995470 116.343863 39.995492
206 011323311002200 116.343842 39.995449 116.343863 39.995470
207 011323311002202 116.343842 39.995427 116.343863 39.995449
208 011323311002220 116.343842 39.995406 116.343863 39.995427
209 011323311002222 116.343842 39.995384 116.343863 39.995406
210 011323311020000 116.343842 39.995363 116.343863 39.995384
211 011323311020002 116.343842 39.995341 116.343863 39.995363
212 011323311020020 116.343842 39.995320 116.343863 39.995341
213 011323311020022 116.343842 39.995298 116.343863 39.995320
214 011323311020200 116.343842 39.995277 116.343863 39.995298
1 011332020000202 116.345215 39.998345 116.345236 39.998367
2 011332020000220 116.345215 39.998324 116.345236 39.998345
3 011332020000222 116.345215 39.998302 116.345236 39.998324
4 011332020002000 116.345215 39.998281 116.345236 39.998302
5 011332020002002 116.345215 39.998260 116.345236 39.998281
6 011332020002020 116.345215 39.998238 116.345236 39.998260
7 011332020002022 116.345215 39.998217 116.345236 39.998238
8 011332020002200 116.345215 39.998195 116.345236 39.998217
9 011332020002202 116.345215 39.998174 116.345236 39.998195
10 011332020002220 116.345215 39.998152 116.345236 39.998174
11 011332020002222 116.345215 39.998131 116.345236 39.998152
12 011332020020000 116.345215 39.998109 116.345236 39.998131
13 011332020020002 116.345215 39.998088 116.345236 39.998109
14 011332020020020 116.345215 39.998066 116.345236 39.998088
15 011332020020022 116.345215 39.998045 116.345236 39.998066
16 011332020020200 116.345215 39.998024 116.345236 39.998045
17 011332020020202 116.345215 39.998002 116.345236 39.998024
18 011332020020220 116.345215 39.997981 116.345236 39.998002
19 011332020020222 116.345215 39.997959 116.345236 39.997981
20 011332020022000 116.345215 39.997938 116.345236 39.997959
21 011332020022002 116.345215 39.997916 116.345236 39.997938
22 011332020022020 116.345215 39.997895 116.345236 39.997916
23 011332020022022 116.345215 39.997873 116.345236 39.997895
24 011332020022200 116.345215 39.997852 116.345236 39.997873
25 011332020022202 116.345215 39.997830 116.345236 39.997852
26 011332020022220 116.345215 39.997809 116.345236 39.997830
27 011332020022222 116.345215 39.997787 116.345236 39.997809
28 011332020200000 116.345215 39.997766 116.345236 39.997787
29 011332020200002 116.345215 39.997745 116.345236 39.997766
30 011332020200020 116.345215 39.997723 116.345236 39.997745
31 011332020200022 116.345215 39.997702 116.345236 39.997723
32 011332020200200 116.345215 39.997680 116.345236 39.997702
33 011332020200202 116.345215 39.997659 116.345236 39.997680
34 011332020200220 116.345215 39.997637 116.345236 39.997659
35 011332020200222 116.345215 39.997616 116.345236 39.997637
36 011332020202000 116.345215 39.997594 116.345236 39.997616
37 011332020202002 116.345215 39.997573 116.345236 39.997594
38 011332020202020 116.345215 39.997551 116.345236 39.997573
39 011332020202022 116.345215 39.997530 116.345236 39.997551
40 011332020202200 116.345215 39.997509 116.345236 39.997530
41 011332020202202 116.345215 39.997487 116.345236 39.997509
42 011332020202220 116.345215 39.997466 116.345236 39.997487
43 011332020202222 116.345215 39.997444 116.345236 39.997466
44 011332020220000 116.345215 39.997423 116.345236 39.997444
45 011332020220002 116.345215 39.997401 116.345236 39.997423
46 011332020220020 116.345215 39.997380 116.345236 39.997401
47 011332020220023 116.345236 39.997358 116.345258 39.997380
48 011332020220201 116.345236 39.997337 116.345258 39.997358
49 011332020220203 116.345236 39.997315 116.345258 39.997337
50 011332020220221 116.345236 39.997294 116.345258 39.997315
51 011332020220232 116.345258 39.997272 116.345279 39.997294
52 011332020222010 116.345258 39.997251 116.345279 39.997272
53 011332020222012 116.345258 39.997230 116.345279 39.997251
54 011332020222030 116.345258 39.997208 116.345279 39.997230
55 011332020222032 116.345258 39.997187 116.345279 39.997208
56 011332020222210 116.345258 39.997165 116.345279 39.997187
57 011332020222212 116.345258 39.997144 116.345279 39.997165
58 011332020222230 116.345258 39.997122 116.345279 39.997144
59 011332020222223 116.345236 39.997101 116.345258 39.997122
60 011332022000001 116.345236 39.997079 116.345258 39.997101
61 011332022000003 116.345236 39.997058 116.345258 39.997079
62 011332022000021 116.345236 39.997036 116.345258 39.997058
63 011332022000023 116.345236 39.997015 116.345258 39.997036
64 011332022000201 116.345236 39.996994 116.345258 39.997015
65 011332022000200 116.345215 39.996994 116.345236 39.997015
66 011323133111311 116.345193 39.996994 116.345215 39.997015
67 011323133111310 116.345172 39.996994 116.345193 39.997015
68 011323133111301 116.345150 39.996994 116.345172 39.997015
69 011323133111300 116.345129 39.996994 116.345150 39.997015
70 011323133111211 116.345108 39.996994 116.345129 39.997015
71 011323133111210 116.345086 39.996994 116.345108 39.997015
72 011323133111201 116.345065 39.996994 116.345086 39.997015
73 011323133111200 116.345043 39.996994 116.345065 39.997015
74 011323133110311 116.345022 39.996994 116.345043 39.997015
75 011323133110310 116.345000 39.996994 116.345022 39.997015
76 011323133110301 116.344979 39.996994 116.345000 39.997015
77 011323133110300 116.344957 39.996994 116.344979 39.997015
78 011323133110211 116.344936 39.996994 116.344957 39.997015
79 011323133110210 116.344914 39.996994 116.344936 39.997015
80 011323133110201 116.344893 39.996994 116.344914 39.997015
81 011323133110200 116.344872 39.996994 116.344893 39.997015
82 011323133101311 116.344850 39.996994 116.344872 39.997015
83 011323133101310 116.344829 39.996994 116.344850 39.997015
84 011323133101301 116.344807 39.996994 116.344829 39.997015
85 011323133101300 116.344786 39.996994 116.344807 39.997015
86 011323133101211 116.344764 39.996994 116.344786 39.997015
87 011323133101210 116.344743 39.996994 116.344764 39.997015
88 011323133101201 116.344721 39.996994 116.344743 39.997015
89 011323133101200 116.344700 39.996994 116.344721 39.997015
90 011323133100311 116.344678 39.996994 116.344700 39.997015
91 011323133100310 116.344657 39.996994 116.344678 39.997015
92 011323133100301 116.344635 39.996994 116.344657 39.997015
93 011323133100300 116.344614 39.996994 116.344635 39.997015
94 011323133100211 116.344593 39.996994 116.344614 39.997015
95 011323133100210 116.344571 39.996994 116.344593 39.997015
96 011323133100201 116.344550 39.996994 116.344571 39.997015
97 011323133100200 116.344528 39.996994 116.344550 39.997015
98 011323133011311 116.344507 39.996994 116.344528 39.997015
99 011323133011310 116.344485 39.996994 116.344507 39.997015
100 011323133011301 116.344464 39.996994 116.344485 39.997015
101 011323133011300 116.344442 39.996994 116.344464 39.997015
102 011323133011211 116.344421 39.996994 116.344442 39.997015
103 011323133011210 116.344399 39.996994 116.344421 39.997015
104 011323133011201 116.344378 39.996994 116.344399 39.997015
105 011323133011200 116.344357 39.996994 116.344378 39.997015
106 011323133010311 116.344335 39.996994 116.344357 39.997015
107 011323133010310 116.344314 39.996994 116.344335 39.997015
108 011323133010301 116.344292 39.996994 116.344314 39.997015
109 011323133010300 116.344271 39.996994 116.344292 39.997015
110 011323133010211 116.344249 39.996994 116.344271 39.997015
111 011323133010212 116.344228 39.996972 116.344249 39.996994
112 011323133010203 116.344206 39.996972 116.344228 39.996994
113 011323133010202 116.344185 39.996972 116.344206 39.996994
114 011323133001313 116.344163 39.996972 116.344185 39.996994
115 011323133001312 116.344142 39.996972 116.344163 39.996994
116 011323133001303 116.344121 39.996972 116.344142 39.996994
117 011323133001302 116.344099 39.996972 116.344121 39.996994
118 011323133001213 116.344078 39.996972 116.344099 39.996994
119 011323133001212 116.344056 39.996972 116.344078 39.996994
120 011323133001203 116.344035 39.996972 116.344056 39.996994
121 011323133001202 116.344013 39.996972 116.344035 39.996994
122 011323133000313 116.343992 39.996972 116.344013 39.996994
123 011323133000310 116.343970 39.996994 116.343992 39.997015
124 011323133000301 116.343949 39.996994 116.343970 39.997015
125 011323133000300 116.343927 39.996994 116.343949 39.997015
126 011323133000211 116.343906 39.996994 116.343927 39.997015
127 011323133000210 116.343884 39.996994 116.343906 39.997015
128 011323133000201 116.343863 39.996994 116.343884 39.997015
129 011323133000200 116.343842 39.996994 116.343863 39.997015
130 011323132111311 116.343820 39.996994 116.343842 39.997015
131 011323132111310 116.343799 39.996994 116.343820 39.997015
132 011323132111303 116.343777 39.996972 116.343799 39.996994
133 011323132111302 116.343756 39.996972 116.343777 39.996994
134 011323132111213 116.343734 39.996972 116.343756 39.996994
135 011323132111231 116.343734 39.996951 116.343756 39.996972
136 011323132111233 116.343734 39.996929 116.343756 39.996951
137 011323132113011 116.343734 39.996908 116.343756 39.996929
138 011323132113013 116.343734 39.996886 116.343756 39.996908
139 011323132113031 116.343734 39.996865 116.343756 39.996886
140 011323132113033 116.343734 39.996843 116.343756 39.996865
141 011323132113211 116.343734 39.996822 116.343756 39.996843
142 011323132113213 116.343734 39.996800 116.343756 39.996822
143 011323132113231 116.343734 39.996779 116.343756 39.996800
144 011323132113322 116.343756 39.996758 116.343777 39.996779
145 011323132131100 116.343756 39.996736 116.343777 39.996758
146 011323132131102 116.343756 39.996715 116.343777 39.996736
147 011323132131120 116.343756 39.996693 116.343777 39.996715
148 011323132131122 116.343756 39.996672 116.343777 39.996693
149 011323132131300 116.343756 39.996650 116.343777 39.996672
150 011323132131302 116.343756 39.996629 116.343777 39.996650
151 011323132131320 116.343756 39.996607 116.343777 39.996629
152 011323132131322 116.343756 39.996586 116.343777 39.996607
153 011323132133100 116.343756 39.996564 116.343777 39.996586
154 011323132133102 116.343756 39.996543 116.343777 39.996564
155 011323132133120 116.343756 39.996521 116.343777 39.996543
156 011323132133123 116.343777 39.996500 116.343799 39.996521
157 011323132133301 116.343777 39.996479 116.343799 39.996500
158 011323132133303 116.343777 39.996457 116.343799 39.996479
159 011323132133321 116.343777 39.996436 116.343799 39.996457
160 011323132133323 116.343777 39.996414 116.343799 39.996436
161 011323132311110 116.343799 39.996393 116.343820 39.996414
162 011323132311112 116.343799 39.996371 116.343820 39.996393
163 011323132311130 116.343799 39.996350 116.343820 39.996371
164 011323132311132 116.343799 39.996328 116.343820 39.996350
165 011323132311310 116.343799 39.996307 116.343820 39.996328
166 011323132311312 116.343799 39.996285 116.343820 39.996307
167 011323132311330 116.343799 39.996264 116.343820 39.996285
168 011323132311332 116.343799 39.996243 116.343820 39.996264
169 011323132313110 116.343799 39.996221 116.343820 39.996243
170 011323132313112 116.343799 39.996200 116.343820 39.996221
171 011323132313130 116.343799 39.996178 116.343820 39.996200
172 011323132313133 116.343820 39.996157 116.343842 39.996178
173 011323132313311 116.343820 39.996135 116.343842 39.996157
174 011323132313313 116.343820 39.996114 116.343842 39.996135
175 011323132313331 116.343820 39.996092 116.343842 39.996114
176 011323132313333 116.343820 39.996071 116.343842 39.996092
177 011323132331111 116.343820 39.996049 116.343842 39.996071
178 011323132331113 116.343820 39.996028 116.343842 39.996049
179 011323132331131 116.343820 39.996006 116.343842 39.996028
180 011323132331133 116.343820 39.995985 116.343842 39.996006
181 011323132331311 116.343820 39.995964 116.343842 39.995985
182 011323132331313 116.343820 39.995942 116.343842 39.995964
183 011323132331331 116.343820 39.995921 116.343842 39.995942
184 011323132331333 116.343820 39.995899 116.343842 39.995921
185 011323132333111 116.343820 39.995878 116.343842 39.995899
186 011323132333113 116.343820 39.995856 116.343842 39.995878
187 011323132333131 116.343820 39.995835 116.343842 39.995856
188 011323132333133 116.343820 39.995813 116.343842 39.995835
189 011323132333311 116.343820 39.995792 116.343842 39.995813
190 011323132333313 116.343820 39.995770 116.343842 39.995792
191 011323132333330 116.343799 39.995749 116.343820 39.995770
192 011323132333332 116.343799 39.995728 116.343820 39.995749
193 011323310111110 116.343799 39.995706 116.343820 39.995728
194 011323310111112 116.343799 39.995685 116.343820 39.995706
195 011323310111130 116.343799 39.995663 116.343820 39.995685
196 011323310111132 116.343799 39.995642 116.343820 39.995663
197 011323310111310 116.343799 39.995620 116.343820 39.995642
198 011323310111312 116.343799 39.995599 116.343820 39.995620
199 011323310111330 116.343799 39.995577 116.343820 39.995599
200 011323310111332 116.343799 39.995556 116.343820 39.995577
201 011323310113110 116.343799 39.995534 116.343820 39.995556
202 011323310113113 116.343820 39.995513 116.343842 39.995534
203 011323310113131 116.343820 39.995492 116.343842 39.995513
204 011323310113133 116.343820 39.995470 116.343842 39.995492
1 011332020200330 116.345344 39.997637 116.345365 39.997659
2 011332020200332 116.345344 39.997616 116.345365 39.997637
3 011332020202110 116.345344 39.997594 116.345365 39.997616
4 011332020202112 116.345344 39.997573 116.345365 39.997594
5 011332020202130 116.345344 39.997551 116.345365 39.997573
6 011332020202123 116.345322 39.997530 116.345344 39.997551
7 011332020202301 116.345322 39.997509 116.345344 39.997530
8 011332020202303 116.345322 39.997487 116.345344 39.997509
9 011332020202321 116.345322 39.997466 116.345344 39.997487
10 011332020202323 116.345322 39.997444 116.345344 39.997466
11 011332020220101 116.345322 39.997423 116.345344 39.997444
12 011332020220103 116.345322 39.997401 116.345344 39.997423
13 011332020220130 116.345344 39.997380 116.345365 39.997401
14 011332020220132 116.345344 39.997358 116.345365 39.997380
15 011332020220310 116.345344 39.997337 116.345365 39.997358
16 011332020220312 116.345344 39.997315 116.345365 39.997337
17 011332020220331 116.345365 39.997294 116.345387 39.997315
18 011332020220333 116.345365 39.997272 116.345387 39.997294
19 011332020222111 116.345365 39.997251 116.345387 39.997272
20 011332020222113 116.345365 39.997230 116.345387 39.997251
21 011332020222131 116.345365 39.997208 116.345387 39.997230
22 011332020222133 116.345365 39.997187 116.345387 39.997208
23 011332020222311 116.345365 39.997165 116.345387 39.997187
24 011332020222313 116.345365 39.997144 116.345387 39.997165
25 011332020222330 116.345344 39.997122 116.345365 39.997144
26 011332020222332 116.345344 39.997101 116.345365 39.997122
27 011332022000110 116.345344 39.997079 116.345365 39.997101
28 011332022000112 116.345344 39.997058 116.345365 39.997079
29 011332022000130 116.345344 39.997036 116.345365 39.997058
30 011332022000132 116.345344 39.997015 116.345365 39.997036
31 011332022000123 116.345322 39.997015 116.345344 39.997036
32 011332022000122 116.345301 39.997015 116.345322 39.997036
33 011332022000033 116.345279 39.997015 116.345301 39.997036
34 011332022000032 116.345258 39.997015 116.345279 39.997036
35 011332022000023 116.345236 39.997015 116.345258 39.997036
36 011332022000022 116.345215 39.997015 116.345236 39.997036
37 011323133111133 116.345193 39.997015 116.345215 39.997036
38 011323133111132 116.345172 39.997015 116.345193 39.997036
39 011323133111123 116.345150 39.997015 116.345172 39.997036
40 011323133111122 116.345129 39.997015 116.345150 39.997036
41 011323133111033 116.345108 39.997015 116.345129 39.997036
42 011323133111032 116.345086 39.997015 116.345108 39.997036
43 011323133111023 116.345065 39.997015 116.345086 39.997036
44 011323133111022 116.345043 39.997015 116.345065 39.997036
45 011323133110133 116.345022 39.997015 116.345043 39.997036
46 011323133110132 116.345000 39.997015 116.345022 39.997036
47 011323133110123 116.344979 39.997015 116.345000 39.997036
48 011323133110122 116.344957 39.997015 116.344979 39.997036
49 011323133110033 116.344936 39.997015 116.344957 39.997036
50 011323133110032 116.344914 39.997015 116.344936 39.997036
51 011323133110023 116.344893 39.997015 116.344914 39.997036
52 011323133110022 116.344872 39.997015 116.344893 39.997036
53 011323133101133 116.344850 39.997015 116.344872 39.997036
54 011323133101132 116.344829 39.997015 116.344850 39.997036
55 011323133101123 116.344807 39.997015 116.344829 39.997036
56 011323133101122 116.344786 39.997015 116.344807 39.997036
57 011323133101033 116.344764 39.997015 116.344786 39.997036
58 011323133101032 116.344743 39.997015 116.344764 39.997036
59 011323133101023 116.344721 39.997015 116.344743 39.997036
60 011323133101022 116.344700 39.997015 116.344721 39.997036
61 011323133100133 116.344678 39.997015 116.344700 39.997036
62 011323133100130 116.344657 39.997036 116.344678 39.997058
63 011323133100121 116.344635 39.997036 116.344657 39.997058
64 011323133100120 116.344614 39.997036 116.344635 39.997058
65 011323133100031 116.344593 39.997036 116.344614 39.997058
66 011323133100030 116.344571 39.997036 116.344593 39.997058
67 011323133100021 116.344550 39.997036 116.344571 39.997058
68 011323133100020 116.344528 39.997036 116.344550 39.997058
69 011323133011131 116.344507 39.997036 116.344528 39.997058
70 011323133011130 116.344485 39.997036 116.344507 39.997058
71 011323133011121 116.344464 39.997036 116.344485 39.997058
72 011323133011120 116.344442 39.997036 116.344464 39.997058
73 011323133011031 116.344421 39.997036 116.344442 39.997058
74 011323133011030 116.344399 39.997036 116.344421 39.997058
75 011323133011021 116.344378 39.997036 116.344399 39.997058
76 011323133011020 116.344357 39.997036 116.344378 39.997058
77 011323133010131 116.344335 39.997036 116.344357 39.997058
78 011323133010132 116.344314 39.997015 116.344335 39.997036
79 011323133010123 116.344292 39.997015 116.344314 39.997036
80 011323133010122 116.344271 39.997015 116.344292 39.997036
81 011323133010033 116.344249 39.997015 116.344271 39.997036
82 011323133010032 116.344228 39.997015 116.344249 39.997036
83 011323133010023 116.344206 39.997015 116.344228 39.997036
84 011323133010022 116.344185 39.997015 116.344206 39.997036
85 011323133001133 116.344163 39.997015 116.344185 39.997036
86 011323133001132 116.344142 39.997015 116.344163 39.997036
87 011323133001123 116.344121 39.997015 116.344142 39.997036
88 011323133001122 116.344099 39.997015 116.344121 39.997036
89 011323133001033 116.344078 39.997015 116.344099 39.997036
90 011323133001032 116.344056 39.997015 116.344078 39.997036
91 011323133001023 116.344035 39.997015 116.344056 39.997036
92 011323133001022 116.344013 39.997015 116.344035 39.997036
93 011323133000133 116.343992 39.997015 116.344013 39.997036
94 011323133000132 116.343970 39.997015 116.343992 39.997036
95 011323133000123 116.343949 39.997015 116.343970 39.997036
96 011323133000122 116.343927 39.997015 116.343949 39.997036
97 011323133000033 116.343906 39.997015 116.343927 39.997036
98 011323133000032 116.343884 39.997015 116.343906 39.997036
99 011323133000023 116.343863 39.997015 116.343884 39.997036
100 011323133000022 116.343842 39.997015 116.343863 39.997036
101 011323133000200 116.343842 39.996994 116.343863 39.997015
102 011323133000202 116.343842 39.996972 116.343863 39.996994
103 011323133000220 116.343842 39.996951 116.343863 39.996972
104 011323133000222 116.343842 39.996929 116.343863 39.996951
105 011323133002000 116.343842 39.996908 116.343863 39.996929
106 011323133002002 116.343842 39.996886 116.343863 39.996908
107 011323133002020 116.343842 39.996865 116.343863 39.996886
108 011323133002022 116.343842 39.996843 116.343863 39.996865
109 011323132113311 116.343820 39.996822 116.343842 39.996843
110 011323132113313 116.343820 39.996800 116.343842 39.996822
111 011323132113331 116.343820 39.996779 116.343842 39.996800
112 011323132113333 116.343820 39.996758 116.343842 39.996779
113 011323132131111 116.343820 39.996736 116.343842 39.996758
114 011323132131113 116.343820 39.996715 116.343842 39.996736
115 011323132131131 116.343820 39.996693 116.343842 39.996715
116 011323132131133 116.343820 39.996672 116.343842 39.996693
117 011323132131311 116.343820 39.996650 116.343842 39.996672
118 011323132131313 116.343820 39.996629 116.343842 39.996650
119 011323132131331 116.343820 39.996607 116.343842 39.996629
120 011323132131333 116.343820 39.996586 116.343842 39.996607
121 011323132133111 116.343820 39.996564 116.343842 39.996586
122 011323132133113 116.343820 39.996543 116.343842 39.996564
123 011323133022020 116.343842 39.996521 116.343863 39.996543
124 011323133022022 116.343842 39.996500 116.343863 39.996521
125 011323133022200 116.343842 39.996479 116.343863 39.996500
126 011323133022202 116.343842 39.996457 116.343863 39.996479
127 011323133022220 116.343842 39.996436 116.343863 39.996457
128 011323133022222 116.343842 39.996414 116.343863 39.996436
129 011323133200000 116.343842 39.996393 116.343863 39.996414
130 011323133200002 116.343842 39.996371 116.343863 39.996393
131 011323133200020 116.343842 39.996350 116.343863 39.996371
132 011323133200022 116.343842 39.996328 116.343863 39.996350
133 011323133200200 116.343842 39.996307 116.343863 39.996328
134 011323133200202 116.343842 39.996285 116.343863 39.996307
135 011323133200220 116.343842 39.996264 116.343863 39.996285
136 011323133200222 116.343842 39.996243 116.343863 39.996264
137 011323133202000 116.343842 39.996221 116.343863 39.996243
138 011323133202003 116.343863 39.996200 116.343884 39.996221
139 011323133202021 116.343863 39.996178 116.343884 39.996200
140 011323133202023 116.343863 39.996157 116.343884 39.996178
141 011323133202201 116.343863 39.996135 116.343884 39.996157
142 011323133202203 116.343863 39.996114 116.343884 39.996135
143 011323133202221 116.343863 39.996092 116.343884 39.996114
144 011323133202223 116.343863 39.996071 116.343884 39.996092
145 011323133220001 116.343863 39.996049 116.343884 39.996071
146 011323133220003 116.343863 39.996028 116.343884 39.996049
147 011323133220021 116.343863 39.996006 116.343884 39.996028
148 011323133220023 116.343863 39.995985 116.343884 39.996006
149 011323133220201 116.343863 39.995964 116.343884 39.995985
150 011323133220203 116.343863 39.995942 116.343884 39.995964
151 011323133220221 116.343863 39.995921 116.343884 39.995942
152 011323133220223 116.343863 39.995899 116.343884 39.995921
153 011323133222001 116.343863 39.995878 116.343884 39.995899
154 011323133222003 116.343863 39.995856 116.343884 39.995878
155 011323133222021 116.343863 39.995835 116.343884 39.995856
156 011323133222023 116.343863 39.995813 116.343884 39.995835
157 011323133222201 116.343863 39.995792 116.343884 39.995813
158 011323133222203 116.343863 39.995770 116.343884 39.995792
159 011323133222221 116.343863 39.995749 116.343884 39.995770
160 011323133222223 116.343863 39.995728 116.343884 39.995749
161 011323311000010 116.343884 39.995706 116.343906 39.995728
162 011323311000012 116.343884 39.995685 116.343906 39.995706
163 011323311000030 116.343884 39.995663 116.343906 39.995685
164 011323311000032 116.343884 39.995642 116.343906 39.995663
165 011323311000211 116.343906 39.995620 116.343927 39.995642
166 011323311000213 116.343906 39.995599 116.343927 39.995620
167 011323311000231 116.343906 39.995577 116.343927 39.995599
168 011323311000233 116.343906 39.995556 116.343927 39.995577
169 011323311002100 116.343927 39.995534 116.343949 39.995556
170 011323311002102 116.343927 39.995513 116.343949 39.995534
171 011323311002120 116.343927 39.995492 116.343949 39.995513
1 011332020020103 116.345322 39.998088 116.345344 39.998109
2 011332020020121 116.345322 39.998066 116.345344 39.998088
3 011332020020123 116.345322 39.998045 116.345344 39.998066
4 011332020020300 116.345301 39.998024 116.345322 39.998045
5 011332020020302 116.345301 39.998002 116.345322 39.998024
6 011332020020320 116.345301 39.997981 116.345322 39.998002
7 011332020020322 116.345301 39.997959 116.345322 39.997981
8 011332020022100 116.345301 39.997938 116.345322 39.997959
9 011332020022013 116.345279 39.997916 116.345301 39.997938
10 011332020022031 116.345279 39.997895 116.345301 39.997916
11 011332020022033 116.345279 39.997873 116.345301 39.997895
12 011332020022211 116.345279 39.997852 116.345301 39.997873
13 011332020022213 116.345279 39.997830 116.345301 39.997852
14 011332020022231 116.345279 39.997809 116.345301 39.997830
15 011332020022232 116.345258 39.997787 116.345279 39.997809
16 011332020200010 116.345258 39.997766 116.345279 39.997787
17 011332020200012 116.345258 39.997745 116.345279 39.997766
18 011332020200030 116.345258 39.997723 116.345279 39.997745
19 011332020200032 116.345258 39.997702 116.345279 39.997723
20 011332020200201 116.345236 39.997680 116.345258 39.997702
21 011332020200203 116.345236 39.997659 116.345258 39.997680
22 011332020200221 116.345236 39.997637 116.345258 39.997659
23 011332020200223 116.345236 39.997616 116.345258 39.997637
24 011332020202001 116.345236 39.997594 116.345258 39.997616
25 011332020202003 116.345236 39.997573 116.345258 39.997594
26 011332020202021 116.345236 39.997551 116.345258 39.997573
27 011332020202022 116.345215 39.997530 116.345236 39.997551
28 011332020202200 116.345215 39.997509 116.345236 39.997530
29 011332020202202 116.345215 39.997487 116.345236 39.997509
30 011332020202220 116.345215 39.997466 116.345236 39.997487
31 011332020202222 116.345215 39.997444 116.345236 39.997466
32 011332020220000 116.345215 39.997423 116.345236 39.997444
33 011332020220002 116.345215 39.997401 116.345236 39.997423
34 011332020220021 116.345236 39.997380 116.345258 39.997401
35 011332020220023 116.345236 39.997358 116.345258 39.997380
36 011332020220201 116.345236 39.997337 116.345258 39.997358
37 011332020220203 116.345236 39.997315 116.345258 39.997337
38 011332020220230 116.345258 39.997294 116.345279 39.997315
39 011332020220232 116.345258 39.997272 116.345279 39.997294
40 011332020222010 116.345258 39.997251 116.345279 39.997272
41 011332020222012 116.345258 39.997230 116.345279 39.997251
42 011332020222030 116.345258 39.997208 116.345279 39.997230
43 011332020222023 116.345236 39.997187 116.345258 39.997208
44 011332020222201 116.345236 39.997165 116.345258 39.997187
45 011332020222203 116.345236 39.997144 116.345258 39.997165
46 011332020222221 116.345236 39.997122 116.345258 39.997144
47 011332020222223 116.345236 39.997101 116.345258 39.997122
48 011332022000001 116.345236 39.997079 116.345258 39.997101
49 011332022000002 116.345215 39.997058 116.345236 39.997079
50 011332022000020 116.345215 39.997036 116.345236 39.997058
51 011332022000022 116.345215 39.997015 116.345236 39.997036
52 011323133111133 116.345193 39.997015 116.345215 39.997036
53 011323133111132 116.345172 39.997015 116.345193 39.997036
54 011323133111123 116.345150 39.997015 116.345172 39.997036
55 011323133111122 116.345129 39.997015 116.345150 39.997036
56 011323133111033 116.345108 39.997015 116.345129 39.997036
57 011323133111032 116.345086 39.997015 116.345108 39.997036
58 011323133111023 116.345065 39.997015 116.345086 39.997036
59 011323133111022 116.345043 39.997015 116.345065 39.997036
60 011323133110133 116.345022 39.997015 116.345043 39.997036
61 011323133110132 116.345000 39.997015 116.345022 39.997036
62 011323133110123 116.344979 39.997015 116.345000 39.997036
63 011323133110122 116.344957 39.997015 116.344979 39.997036
64 011323133110033 116.344936 39.997015 116.344957 39.997036
65 011323133110032 116.344914 39.997015 116.344936 39.997036
66 011323133110023 116.344893 39.997015 116.344914 39.997036
67 011323133110022 116.344872 39.997015 116.344893 39.997036
68 011323133101133 116.344850 39.997015 116.344872 39.997036
69 011323133101132 116.344829 39.997015 116.344850 39.997036
70 011323133101123 116.344807 39.997015 116.344829 39.997036
71 011323133101122 116.344786 39.997015 116.344807 39.997036
72 011323133101033 116.344764 39.997015 116.344786 39.997036
73 011323133101032 116.344743 39.997015 116.344764 39.997036
74 011323133101023 116.344721 39.997015 116.344743 39.997036
75 011323133101022 116.344700 39.997015 116.344721 39.997036
76 011323133100133 116.344678 39.997015 116.344700 39.997036
77 011323133100132 116.344657 39.997015 116.344678 39.997036
78 011323133100123 116.344635 39.997015 116.344657 39.997036
79 011323133100122 116.344614 39.997015 116.344635 39.997036
80 011323133100033 116.344593 39.997015 116.344614 39.997036
81 011323133100032 116.344571 39.997015 116.344593 39.997036
82 011323133100023 116.344550 39.997015 116.344571 39.997036
83 011323133100022 116.344528 39.997015 116.344550 39.997036
84 011323133011133 116.344507 39.997015 116.344528 39.997036
85 011323133011132 116.344485 39.997015 116.344507 39.997036
86 011323133011123 116.344464 39.997015 116.344485 39.997036
87 011323133011122 116.344442 39.997015 116.344464 39.997036
88 011323133011033 116.344421 39.997015 116.344442 39.997036
89 011323133011032 116.344399 39.997015 116.344421 39.997036
90 011323133011023 116.344378 39.997015 116.344399 39.997036
91 011323133011022 116.344357 39.997015 116.344378 39.997036
92 011323133010133 116.344335 39.997015 116.344357 39.997036
93 011323133010132 116.344314 39.997015 116.344335 39.997036
94 011323133010123 116.344292 39.997015 116.344314 39.997036
95 011323133010122 116.344271 39.997015 116.344292 39.997036
96 011323133010033 116.344249 39.997015 116.344271 39.997036
97 011323133010032 116.344228 39.997015 116.344249 39.997036
98 011323133010201 116.344206 39.996994 116.344228 39.997015
99 011323133010200 116.344185 39.996994 116.344206 39.997015
100 011323133001311 116.344163 39.996994 116.344185 39.997015
101 011323133001310 116.344142 39.996994 116.344163 39.997015
102 011323133001301 116.344121 39.996994 116.344142 39.997015
103 011323133001300 116.344099 39.996994 116.344121 39.997015
104 011323133001211 116.344078 39.996994 116.344099 39.997015
105 011323133001210 116.344056 39.996994 116.344078 39.997015
106 011323133001201 116.344035 39.996994 116.344056 39.997015
107 011323133001200 116.344013 39.996994 116.344035 39.997015
108 011323133000311 116.343992 39.996994 116.344013 39.997015
109 011323133000310 116.343970 39.996994 116.343992 39.997015
110 011323133000123 116.343949 39.997015 116.343970 39.997036
111 011323133000122 116.343927 39.997015 116.343949 39.997036
112 011323133000033 116.343906 39.997015 116.343927 39.997036
113 011323133000032 116.343884 39.997015 116.343906 39.997036
114 011323133000023 116.343863 39.997015 116.343884 39.997036
115 011323133000022 116.343842 39.997015 116.343863 39.997036
116 011323132111133 116.343820 39.997015 116.343842 39.997036
117 011323132111132 116.343799 39.997015 116.343820 39.997036
118 011323132111123 116.343777 39.997015 116.343799 39.997036
119 011323132111300 116.343756 39.996994 116.343777 39.997015
120 011323132111211 116.343734 39.996994 116.343756 39.997015
121 011323132111213 116.343734 39.996972 116.343756 39.996994
122 011323132111231 116.343734 39.996951 116.343756 39.996972
123 011323132111233 116.343734 39.996929 116.343756 39.996951
124 011323132113011 116.343734 39.996908 116.343756 39.996929
125 011323132113013 116.343734 39.996886 116.343756 39.996908
126 011323132113031 116.343734 39.996865 116.343756 39.996886
127 011323132113033 116.343734 39.996843 116.343756 39.996865
128 011323132113211 116.343734 39.996822 116.343756 39.996843
129 011323132113212 116.343713 39.996800 116.343734 39.996822
130 011323132113230 116.343713 39.996779 116.343734 39.996800
131 011323132113232 116.343713 39.996758 116.343734 39.996779
132 011323132131010 116.343713 39.996736 116.343734 39.996758
133 011323132131012 116.343713 39.996715 116.343734 39.996736
134 011323132131030 116.343713 39.996693 116.343734 39.996715
135 011323132131032 116.343713 39.996672 116.343734 39.996693
136 011323132131210 116.343713 39.996650 116.343734 39.996672
137 011323132131212 116.343713 39.996629 116.343734 39.996650
138 011323132131230 116.343713 39.996607 116.343734 39.996629
139 011323132131232 116.343713 39.996586 116.343734 39.996607
140 011323132133010 116.343713 39.996564 116.343734 39.996586
141 011323132133012 116.343713 39.996543 116.343734 39.996564
142 011323132133030 116.343713 39.996521 116.343734 39.996543
143 011323132133033 116.343734 39.996500 116.343756 39.996521
144 011323132133211 116.343734 39.996479 116.343756 39.996500
145 011323132133213 116.343734 39.996457 116.343756 39.996479
146 011323132133231 116.343734 39.996436 116.343756 39.996457
147 011323132133233 116.343734 39.996414 116.343756 39.996436
148 011323132311011 116.343734 39.996393 116.343756 39.996414
149 011323132311013 116.343734 39.996371 116.343756 39.996393
150 011323132311031 116.343734 39.996350 116.343756 39.996371
151 011323132311033 116.343734 39.996328 116.343756 39.996350
152 011323132311211 116.343734 39.996307 116.343756 39.996328
153 011323132311213 116.343734 39.996285 116.343756 39.996307
154 011323132311231 116.343734 39.996264 116.343756 39.996285
155 011323132311233 116.343734 39.996243 116.343756 39.996264
156 011323132313011 116.343734 39.996221 116.343756 39.996243
157 011323132313102 116.343756 39.996200 116.343777 39.996221
158 011323132313120 116.343756 39.996178 116.343777 39.996200
159 011323132313122 116.343756 39.996157 116.343777 39.996178
160 011323132313300 116.343756 39.996135 116.343777 39.996157
161 011323132313302 116.343756 39.996114 116.343777 39.996135
162 011323132313320 116.343756 39.996092 116.343777 39.996114
163 011323132313322 116.343756 39.996071 116.343777 39.996092
164 011323132331100 116.343756 39.996049 116.343777 39.996071
165 011323132331102 116.343756 39.996028 116.343777 39.996049
166 011323132331120 116.343756 39.996006 116.343777 39.996028
167 011323132331122 116.343756 39.995985 116.343777 39.996006
168 011323132331300 116.343756 39.995964 116.343777 39.995985
169 011323132331302 116.343756 39.995942 116.343777 39.995964
170 011323132331320 116.343756 39.995921 116.343777 39.995942
171 011323132331322 116.343756 39.995899 116.343777 39.995921
172 011323132333100 116.343756 39.995878 116.343777 39.995899
173 011323132333102 116.343756 39.995856 116.343777 39.995878
174 011323132333120 116.343756 39.995835 116.343777 39.995856
175 011323132333122 116.343756 39.995813 116.343777 39.995835
176 011323132333300 116.343756 39.995792 116.343777 39.995813
177 011323132333302 116.343756 39.995770 116.343777 39.995792
178 011323132333320 116.343756 39.995749 116.343777 39.995770
179 011323132333322 116.343756 39.995728 116.343777 39.995749
180 011323310111101 116.343777 39.995706 116.343799 39.995728
181 011323310111103 116.343777 39.995685 116.343799 39.995706
182 011323310111121 116.343777 39.995663 116.343799 39.995685
183 011323310111123 116.343777 39.995642 116.343799 39.995663
184 011323310111310 116.343799 39.995620 116.343820 39.995642
185 011323310111312 116.343799 39.995599 116.343820 39.995620
186 011323310111330 116.343799 39.995577 116.343820 39.995599
187 011323310111332 116.343799 39.995556 116.343820 39.995577
188 011323310113111 116.343820 39.995534 116.343842 39.995556
189 011323310113113 116.343820 39.995513 116.343842 39.995534
190 011323310113131 116.343820 39.995492 116.343842 39.995513
