157014	5	116.34646480300	40.00024810880	20121108151000
157014	5	116.34643544500	39.99971531620	20121108152900
157014	5	116.34656857900	39.99755745050	20121108153900
157014	5	116.34664054700	39.99638374440	20121108154900
157014	5	116.34674354400	39.99552425690	20121108155900
157014	5	116.34676654700	39.99538718230	20121108160900
157014	5	116.34545357300	39.99527326870	20121108162900
157014	5	116.34600570700	39.99529272470	20121108161900
153849	8	116.34687734400	39.99718179470	20121108204600
153849	8	116.34681826000	39.99790012640	20121108205600
153849	8	116.34688833600	39.99621673760	20121108203600
153849	8	116.34681264500	39.99823177930	20121108210600
153849	8	116.34679148600	39.99896640220	20121108211600
153849	8	116.34693243100	39.99563649770	20121108202600
153849	8	116.34673976700	39.99936581270	20121108212600
143849	8	116.34693605300	39.99592283020	20121108220600
143849	8	116.34685608700	39.99857745710	20121108224600
143849	8	116.34689363800	39.99668784930	20121108221200
143849	8	116.34678028600	39.99913149340	20121108225600
143849	8	116.34687381800	39.99708991820	20121108222600
143849	8	116.34695657400	39.99556054100	20121108215600
143849	8	116.34684739500	39.99762595280	20121108223600
143849	8	116.34647678100	39.99971877770	20121108230600
165439	6	116.34667157600	39.99681470670	20121108124200
165439	6	116.34653748300	39.99853036680	20121108122200
165439	6	116.34663140800	39.99767792460	20121108123200
165439	6	116.34679029900	39.99454662010	20121108130200
165439	6	116.34671222700	39.99603812870	20121108125200
165439	6	116.34650991300	39.99910417740	20121108121100
165439	6	116.34645935800	39.99987642620	20121108120000
165438  7   116.34630000000 40.00080000000  20121108120101
165438  7   116.34630000000 39.99990000000  20121108121101
165438  7   116.34640000000 39.99910000000  20121108122101
165438  7   116.34640000000 39.99800000000  20121108123101
165438  7   116.34650000000 39.99680000000  20121108124101
165438  7   116.34650000000 39.99590000000  20121108125101
165438  7   116.34660000000 39.99500000000  20121108125901
165437  8   116.34710000000 39.99550000000  20121108130101
165437  8   116.34700000000 39.99620000000  20121108131001
165437  8   116.34700000000 39.99670000000  20121108132001
165437  8   116.34700000000 39.99740000000  20121108133001
165437  8   116.34690000000 39.99830000000  20121108134001
165437  8   116.34690000000 39.99920000000  20121108135001
165437  8   116.34690000000 40.00020000000  20121108135901
165436  9   116.34630000000 39.99920000000  20121108140101
165436  9   116.34640000000 39.99820000000  20121108141001
165436  9   116.34640000000 39.99730000000  20121108142001
165436  9   116.34650000000 39.99640000000  20121108143001
165436  9   116.34650000000 39.99550000000  20121108144001
165436  9   116.34660000000 39.99470000000  20121108145001
